EI01EF01
EI02EF01
EI03EF01
EI01EF02
EI02EF02
EI03EF02
EI01EF03
EI02EF03
EI03EF03
EI02EF05
EI01EF04
EI02EF04
EI03EF04
EI01EF05
EI03EF05
EI01EF06
EI02EF06
EI03EF06
EI02EF08
EI01EF07
EI02EF07
EI03EF07
EI01EF08
EI03EF08
EI01EF09
EI02EF09
EI03EF09